0,56,39,28,83,48,100,68,28,1,20
56,0,35,68,59,71,8,51,19,71,26
39,35,0,72,50,96,14,99,5,11,57
28,68,72,0,10,87,13,65,60,86,38
83,59,50,10,0,65,19,91,67,24,68
48,71,96,87,65,0,49,23,33,92,32
100,8,14,13,19,49,0,11,44,31,52
68,51,99,65,91,23,11,0,85,76,81
28,19,5,60,67,33,44,85,0,78,12
1,71,11,86,24,92,31,76,78,0,95
20,26,57,38,68,32,52,81,12,95,0